1000000
18500000
2000000
4000000
50000000
3100000
10000000
7500000
148000000
100000
111400
975000
125000
115000000
4325000
3000000
850000
264000
16000000
595000
80784
150000
3500000
5500000
50000
1500000
25000000
11200000
117000000
21000000
1600000
700000
600000
60000000
750000
50000
2500000
150000
40900000
2300000
4950000
25000000
55000
1700000
1900000
2000000
3000000
47000000
93000000
1250000
1000000
428500
17000000
2000000
100000
150000
3000000
2500000
16600000
150000
75000
155000
1170000
200000
700000
4800000
2250000
250000
1725220
1215780
750000
4300000
1000000
875000
5500000
1150000
22000000
15000000
3600000
4700000
3250000
28000000
16000000
475000
2200000
3217000
400000
2400000
25000
1550000
39000000
650000
3500000
200000
500000
418000
100000
275000
750000
1000
250000
218000
850000
5500000
750000
2700000
650000
2140500
400000
3000000
100000
1600000
4500000
700000000
10000000
110000
10000
27500000
3400000
725000
1000000
5000000
2400000
41100000
400000
650000
